Доля_УНТ	Количество_промежуточных_выдержек_при_нагреве	Макс_мощность_нагрева	Время_нагрева	Время_промеж_выдержек	Интервал_повышения_температуры	Количество_промежуточных_выдержек	Линейная_усадка	Водопоглощение	Открытая_пористость	Плотность	Давление
0.1	1	13.00	7.50	2.00	30.00	1.00	17.75	0.06	0.22	3.91	-
3	1	13.00	7.50	2.00	30.00	1.00	15.73	0.18	0.71	3.85	-
9	1	13.00	7.50	2.00	30.00	1.00	14.31	0.03	0.12	3.67	9.32
15	-	13.00	7.50	2.00	30.00	1.00	14.06	0.03	0.11	3.67	-
24	-	13.00	7.50	2.00	30.00	1.00	8.67	8.28	24.67	2.97	115.49
3	-	11.00	5.67	3.00	20.00	1.00	15.65	0.00	0.01	3.84	257.60
9	-	11.00	5.67	3.00	20.00	1.00	14.53	0.05	0.17	3.69	5.178
15	-	11.00	5.67	3.00	20.00	1.00	13.37	1.73	6.15	3.55	204.04
24	-	11.00	5.67	3.00	20.00	1.00	7.21	10.75	29.84	2.77	110
3	-	11.00	6.33	2.00	20.00	2.00	15.66	-0.01	-0.04	3.82	326.00
9	-	11.00	6.33	2.00	20.00	2.00	15.18	0.02	0.07	3.74	44.099
15	-	11.00	6.33	2.00	20.00	2.00	12.92	2.83	9.89	3.48	106.03
3	-	11.00	6.75	3.00	15.00	1.00	16.79	-0.04	-0.16	3.9	125
3	-	11.00	4.75	3.00	15.00	1.00	17.37	-0.02	-0.08	3.90	326.25
3	-	11.00	4.75	3.00	15.00	1.00	17.28	-0.01	-0.03	3.90	-
3	-	11.00	6.33	3.00	20.00	1.00	-	1.52	6.93	3.58	-
3	-	11.00	6.33	3.00	20.00	1.00	-	2.06	9.19	3.50	-
3	-	11.00	4.50	3.00	10.00	1.00	-	0.08	0.37	3.63	-
3	-	11.00	4.83	3.00	20.00	1.00	-	0.02	0.11	3.71	-
24	-	11.00	4.83	3.00	20.00	1.00	-	8.96	31.09	2.72	-
36	-	11.00	4.83	3.00	20.00	1.00	-	12.79	38.09	2.33	-
45	-	11.00	4.83	3.00	20.00	1.00	-	12.79	38.25	2.32	-
3	-	11.00	3.33	2.00	10.00	1.00	-	0.06	0.22	3.87	364
3	-	11.00	3.33	2.00	10.00	1.00	-	0.05	0.02	3.86	336.00
3	-	11.00	3.33	2.00	10.00	1.00	-	0.04	0.15	3.88	364
4	-	11.00	3.33	2.00	10.00	1.00	-	0.05	0.185	3.88	364.00
3	-	11.00	3.33	2.00	10.00	1.00	-	0	0	3.855	-
